7.74362e-05 0.992195 0.992195 
3.03124e-07 0.927665 0.927665 
3.29424e-08 0.636856 0.636856 
3.36068e-08 0.658538 0.658538 
3.40305e-08 0.701606 0.701606 
3.39653e-08 0.675578 0.675578 
3.34019e-08 0.64543 0.64543 
2.91985e-08 0.618149 0.618149 
2.31946e-08 0.550826 0.550826 
2.20351e-08 0.548746 0.548746 
1.90471e-08 0.498085 0.498085 
1.80894e-08 0.433757 0.433757 
1.93855e-08 0.460245 0.460245 
2.12186e-08 0.49071 0.49071 
2.79148e-08 0.597698 0.597698 
3.69021e-08 0.693068 0.693068 
4.95029e-08 0.713878 0.713878 
6.25321e-08 0.737973 0.737973 
8.76126e-08 0.772731 0.772731 
1.33895e-07 0.807132 0.807132 
1.69212e-07 0.807052 0.807052 
1.7997e-07 0.792298 0.792298 
2.37318e-07 0.809773 0.809773 
2.70978e-07 0.828888 0.828888 
2.21324e-07 0.816091 0.816091 
1.58879e-07 0.792227 0.792227 
1.00232e-07 0.800214 0.800214 
6.79415e-08 0.794224 0.794224 
7.60735e-08 0.810222 0.810222 
8.51865e-08 0.826552 0.826552 
6.64049e-08 0.738038 0.738038 
5.99632e-08 0.615645 0.615645 
8.1424e-08 0.641459 0.641459 
8.3535e-08 0.573871 0.573871 
5.21572e-08 0.534611 0.534611 
4.0705e-08 0.725633 0.725633 
4.78436e-08 0.771891 0.771891 
2.13592e-06 0.446301 0.446301 
0.000510863 0.908585 0.908585 
0.00164836 0.924677 0.924677 
0.0018943 0.918438 0.918438 
0.00154744 0.907782 0.907782 
0.00185028 0.930594 0.930594 
0.00144751 0.945902 0.945902 
0.000396668 0.943281 0.943281 
6.76107e-06 0.987694 0.987694 
0.000242689 0.496655 0.496655 
0.00153361 -0.228905 0.20827 
0.00210915 0.00670644 0.419191 
0.00392385 0.883458 0.883458 
0.00890951 0.963536 0.963536 
0.0148669 0.965608 0.965608 
0.0165112 0.963201 0.963201 
0.0112032 0.954801 0.954801 
0.00636402 0.95368 0.95368 
0.00386927 0.942219 0.942219 
0.00180475 0.929305 0.929305 
0.000580759 0.90986 0.90986 
4.69741e-05 0.985848 0.985848 
1.12845e-05 0.975743 0.975743 
9.53764e-07 0.899563 0.899563 
2.55102e-06 0.895106 0.895106 
3.33478e-06 0.920782 0.920782 
7.3297e-06 0.980355 0.980355 
3.63643e-05 0.989986 0.989986 
7.23349e-05 0.988385 0.988385 
0.000202716 0.979648 0.979648 
0.00113285 0.968088 0.968088 
0.00277272 0.973812 0.973812 
0.00362285 0.969703 0.969703 
0.00385249 0.962204 0.962204 
0.00345423 0.965912 0.965912 
0.0017708 0.960224 0.960224 
0.000599987 0.984111 0.984111 
0.000426555 0.992156 0.992156 
0.000222936 0.992078 0.992078 
5.03572e-05 0.991379 0.991379 
6.18349e-07 0.951133 0.951133 
9.31462e-08 0.868236 0.868236 
7.57398e-08 0.853038 0.853038 
5.58778e-08 0.817884 0.817884 
0.000143055 0.311777 0.311777 
0.000296879 0.0693917 0.151748 
0.000255093 -0.320847 0.235376 
0.000212129 -0.529671 0.243686 
0.000220285 -0.582335 0.199806 
0.000252109 -0.699577 0.378206 
0.000376558 -0.749562 0.374902 
0.000469319 -0.728367 0.350726 
0.00037861 -0.638091 0.284593 
0.00014733 -0.506682 0.245097 
4.20927e-06 0.597503 0.597503 
6.59761e-07 0.753887 0.753887 
2.99484e-05 0.816901 0.816901 
0.000944278 0.970839 0.970839 
0.00270523 0.972567 0.972567 
0.00411784 0.966457 0.966457 
0.00321194 0.966667 0.966667 
0.00116849 0.973229 0.973229 
0.000628936 0.994027 0.994027 
0.000734541 0.995396 0.995396 
0.00075869 0.995718 0.995718 
0.000756134 0.994546 0.994546 
0.000732907 0.994367 0.994367 
0.000647262 0.994673 0.994673 
0.000575654 0.994477 0.994477 
0.000541773 0.992383 0.992383 
0.000745094 0.988604 0.988604 
0.00179308 0.981072 0.981072 
0.00319666 0.981508 0.981508 
0.00404805 0.977979 0.977979 
0.00436095 0.979084 0.979084 
0.00427128 0.982303 0.982303 
0.00328707 0.980627 0.980627 
0.00126081 0.98034 0.98034 
5.53251e-05 0.850707 0.869931 
1.07333e-05 -0.326096 0.399583 
1.43644e-05 -0.326812 0.243772 
5.21363e-05 0.746421 0.755569 
0.000270761 0.97477 0.97477 
0.000469436 0.991427 0.991427 
0.000489081 0.995201 0.995201 
0.000402298 0.99633 0.99633 
0.000188674 0.992615 0.992615 
3.53551e-05 0.989832 0.989832 
0.000246794 0.641475 0.641475 
0.000434392 0.558731 0.558731 
0.000282746 0.532223 0.532223 
0.000130295 0.717179 0.717179 
7.35211e-05 0.810599 0.810599 
5.62876e-05 0.872659 0.872659 
0.000559235 0.974888 0.974888 
0.00156825 0.949206 0.949206 
0.00233793 0.933807 0.933807 
0.00206365 0.94052 0.94052 
0.00101748 0.959188 0.959188 
0.000605471 0.994144 0.994144 
0.000679103 0.995432 0.995432 
0.000629266 0.995672 0.995672 
0.000405973 0.996241 0.996241 
0.000124654 0.988135 0.988135 
4.83324e-05 0.685869 0.685869 
0.000439855 0.0509934 0.414272 
0.000954316 -0.0621006 0.273405 
0.00073061 0.0158728 0.367694 
0.000211714 0.353495 0.560016 
5.25157e-05 0.377095 0.508926 
2.11828e-05 0.771706 0.771706 
2.86112e-07 0.760121 0.760121 
6.70785e-08 0.833669 0.833669 
3.19413e-08 0.623384 0.639858 
2.50603e-08 0.565129 0.565129 
7.4576e-05 0.836373 0.836373 
0.000177297 0.862278 0.862278 
0.000373383 0.909483 0.909483 
0.00077143 0.936322 0.936322 
0.000990085 0.945208 0.945208 
0.0013796 0.940139 0.940139 
0.00241078 0.938358 0.938358 
0.00314065 0.936954 0.936954 
0.00277552 0.943229 0.943229 
0.00222424 0.949061 0.949061 
0.00184072 0.950142 0.950142 
0.00161693 0.959264 0.959264 
0.00158843 0.962432 0.962432 
0.0013418 0.968226 0.968226 
0.00111005 0.976305 0.976305 
0.000889331 0.979379 0.979379 
0.000689485 0.98688 0.98688 
0.000540518 0.988594 0.988594 
0.000372105 0.992502 0.992502 
0.000296423 0.994322 0.994322 
0.000315113 0.995592 0.995592 
0.000323315 0.995672 0.995672 
0.000319637 0.99613 0.99613 
0.000294369 0.995725 0.995725 
0.00026209 0.994911 0.994911 
0.00021469 0.996262 0.996262 
0.000136463 0.99343 0.99343 
7.58989e-05 0.982446 0.982446 
3.16306e-05 0.94847 0.94847 
2.55602e-05 -0.536133 0.548932 
6.03971e-05 -0.78529 0.356372 
7.27318e-05 -0.772002 0.349059 
6.43974e-05 -0.73585 0.44469 
7.3137e-05 -0.752793 0.600129 
6.10245e-05 -0.741918 0.608999 
3.09726e-05 -0.649445 0.35274 
1.46462e-05 -0.578617 0.401637 
1.86161e-06 -0.284793 0.379356 
3.12903e-07 0.576369 0.576369 
1.04358e-07 0.878332 0.878332 
4.80873e-08 0.791026 0.791026 
2.61779e-08 0.603617 0.603617 
1.97704e-08 0.45937 0.464945 
1.93234e-08 0.477147 0.477147 
1.74545e-08 0.417519 0.417519 
2.03106e-08 0.458617 0.475277 
