0.000155
0.000152
0.000149
0.000145
0.000137
78231492565378531328.000000
118256900002098970624.000000
200490931551930941440.000000
227417109299049005056.000000
190302645702725992448.000000
167015130163918667776.000000
156826861906899763200.000000
138997339680558546944.000000
176475680053024260096.000000
169562214820359438336.000000
151368833410061565952.000000
151004974226104909824.000000
115345964957794566144.000000
109887954053142413312.000000
109524086073092734976.000000
86600438514335088640.000000
92058449418987241472.000000
81870163569782292480.000000
68770933880179916800.000000
86964315290477789184.000000
83689494673937661952.000000
86236579330378432512.000000
95333252443341324288.000000
82961767509931327488.000000
92058449418987241472.000000
92786185379086598144.000000
88783637598540136448.000000
92786185379086598144.000000
79323087709434544128.000000
86236579330378432512.000000
99699668203937464320.000000
99699668203937464320.000000
102610603248241868800.000000
86964306494384766976.000000
44755686779319746560.000000
43300219257167544320.000000
14190828132193271808.000000
10552154928766255104.000000
16010165833418407936.000000
-6185745765239881728.000000
-6913480625827610624.000000
-22195911598658289664.000000
-62585191413474918400.000000
-73137345242729545728.000000
-108796350112993378304.000000
-132811601611900059648.000000
-130992270507744690176.000000
-149913361489862852608.000000
-141544415540906295296.000000
-149913361489862852608.000000
-173564753804812877824.000000
-203037998616185667584.000000
-245246631525390221312.000000
-269989601392210214912.000000
-272536686048650985472.000000
-275811489073005068288.000000
-251796219981912342528.000000
-294004852891116896256.000000
-289638437130520756224.000000
-334394137103980036096.000000
-344946317321513730048.000000
-320203294678135603200.000000
-332210911631495921664.000000
-300554476532011106304.000000
-277266925808831692800.000000
-291093909050719469568.000000
-234694468900042571776.000000
-243427282829048807424.000000
-230691929915589132288.000000
-191394240846782005248.000000
-213590143649347272704.000000
-152824305330260279296.000000
-128445185851303919616.000000
-87692042454484123648.000000
-31656461487763881984.000000
-7641215486415339520.000000
-727734791868252160.000000
45847290719468781568.000000
20012708116406730752.000000
63676790955577442304.000000
88419769618490458112.000000
95697120423391002624.000000
164831922283620597760.000000
183025303693918470144.000000
209951481441036533760.000000
239788603028552024064.000000
225961654971036336128.000000
231783525059645145088.000000
240880215764794081280.000000
244882754749247520768.000000
271808932496365584384.000000
270353495760538959872.000000
284544303002011303936.000000
267806393511912144896.000000
261256787463203979264.000000
255434917374595170304.000000
238697007884496011264.000000
231783542651831189504.000000
227053250115092348928.000000
204493470536384380928.000000
193577448727080075264.000000
175747944092924903424.000000
146274690485459091456.000000
137541867760359833600.000000
114254352221552508928.000000
101882867288142512128.000000
82961767509931327488.000000
65496135253872345088.000000
54943977026571206656.000000
44391823197316579328.000000
48394362181770018816.000000
51669169604170612736.000000
51669169604170612736.000000
50577570062068088832.000000
52760773544319647744.000000
39661548252763783168.000000
51669169604170612736.000000
56035580966720241664.000000
48394362181770018816.000000
82234031549831970816.000000
71681873322530832384.000000
83689494673937661952.000000
122259447782645432320.000000
91330722254980907008.000000
121895579802595753984.000000
106249283048738652160.000000
86600438514335088640.000000
92786185379086598144.000000
80414700445676601344.000000
80414700445676601344.000000
75684416705030782976.000000
64040663333673631744.000000
44027955217266900992.000000
40389279814816628736.000000
18193369315669966848.000000
31292595706737459200.000000
-7641215486415339520.000000
-20376576096456409088.000000
-39661548252763783168.000000
-105157679108589617152.000000
-74956680744931426304.000000
-141544415540906295296.000000
-165559658243719954432.000000
-161557119259266514944.000000
-247065962629545590784.000000
-217228823449844056064.000000
-261984541015489380352.000000
-277994679361117093888.000000
-282724971897855934464.000000
-335485732248036048896.000000
-333666418736066723840.000000
-403528965352488697856.000000
-376966594012769157120.000000
-444645985525451194368.000000
-423177783498613194752.000000
-429363512771178659840.000000
-468297307471657041920.000000
-401709616656147283968.000000
-441007288132768366592.000000
-366050607387836940288.000000
-351132046594079195136.000000
-331119316487439908864.000000
-274719876336763011072.000000
-300918353308153806848.000000
-239424743844595367936.000000
-220503626474198138880.000000
-188847173782527279104.000000
-113526616261453152256.000000
-88419769618490458112.000000
-29473258005512323072.000000
34203537348111630336.000000
60038115553127170048.000000
118984635962198327296.000000
162648731995508572160.000000
163740309547378540544.000000
228872598811433762816.000000
230691929915589132288.000000
239788603028552024064.000000
291093909050719469568.000000
263439977751316004864.000000
306376329028433870848.000000
327844531055271870464.000000
296551937547557666816.000000
348584979529824468992.000000
315473002141396762624.000000
320203294678135603200.000000
346037877281197654016.000000
312562093485371424768.000000
336213450615949361152.000000
315109195733998239744.000000
287091387658452074496.000000
282724971897855934464.000000
247429839405688291328.000000
227053267707278393344.000000
219775908106284826624.000000
176839556829166960640.000000
167379006940061368320.000000
142272169093191696384.000000
108068614152894021632.000000
100791272144086499328.000000
61493587473325883392.000000
36022875049336766464.000000
33475799188989018112.000000
14190828132193271808.000000
21832043618608611328.000000
40025416232813461504.000000
24015247100860170240.000000
45483427137465614336.000000
34567400930114797568.000000
32748067626936172544.000000
41480883754965663744.000000
38569944312614748160.000000
45119554759369424896.000000
67679329940030881792.000000
74592812764881747968.000000
98608064263788429312.000000
132083865651800702976.000000
116801436877993279488.000000
141908274724862951424.000000
119712371922297683968.000000
88419769618490458112.000000
107340878192794664960.000000
67315470756074225664.000000
97152601139682738176.000000
110979549197198426112.000000
84781107410179719168.000000
122259447782645432320.000000
80050823669533900800.000000
73137345242729545728.000000
53124641524369326080.000000
10552154928766255104.000000
-21468177837582188544.000000
-56763312528773087232.000000
-94605525279334989824.000000
-105885406272595951616.000000
-113526625057546174464.000000
-150277220673819508736.000000
-144091500197347065856.000000
-221959115986582896640.000000
-263439977751316004864.000000
-306740240988948660224.000000
-382060763325650698240.000000
-373327931804458418176.000000
-442826601644737691648.000000
-460292264687122251776.000000
-466841870735830417408.000000
-521421944597979856896.000000
-482852061858016264192.000000
-534157315103625576448.000000
-514872408918015868928.000000
-560355774482830327808.000000
-539615361192649818112.000000
-542890146624817856512.000000
-514872408918015868928.000000
-444645985525451194368.000000
-458109039214638137344.000000
-340943743152688201728.000000
-347493349201396367360.000000
-273628263600520953856.000000
-204857347312527081472.000000
-202674139432229011456.000000
-127717458687297585152.000000
-100427404164036820992.000000
-41480879356919152640.000000
53488505106372493312.000000
124806514846900158464.000000
201218667512030298112.000000
242699546868949450752.000000
278722432913402494976.000000
288546824394278699008.000000
306376329028433870848.000000
326025182358930456576.000000
322750361742390329344.000000
346401754057340354560.000000
376238875644855844864.000000
382424640101793398784.000000
418447526146246443008.000000
412989480057222201344.000000
405348278864458022912.000000
412989480057222201344.000000
402073493432289984512.000000
407531469152570048512.000000
393340661911097704448.000000
367869920899806265344.000000
336941204168234762240.000000
316928509245967564800.000000
295096448035172909056.000000
285272056554296705024.000000
260529069095290667008.000000
217956559409943412736.000000
174292489764912234496.000000
119712371922297683968.000000
92058458215080263680.000000
74228944784832069632.000000
56399444548723408896.000000
0.000000
0.000000
0.000000
0.000000
0.000000
0.000000
0.000000
0.000000
0.000000
0.000000
0.000000
0.000000
0.000000
0.000000
-14092267637200547479552.000000
0.000000
-132998438324273152.000000
0.000000
-132998713202180096.000000
0.000000
0.000000
0.000000
0.000000
0.000000
-50826024505573376.000000
0.000000
-50829396054900736.000000
0.000000
-50829396054900736.000000
0.000000
-50485674117169152.000000
0.000000
0.000000
0.000000
0.000000
0.000000
-133046954274848768.000000
0.000000
0.000000
0.000000
-50518711005609984.000000
0.000000
-50260806809419776.000000
0.000000
0.000000
0.000000
0.000000
0.000000
0.000000
0.000000
-14090430168552580317184.000000
0.000000
-14090502226146618245120.000000
0.000000
-50611941860704256.000000
0.000000
0.000000
0.000000
0.000000
0.000000
-14090871521316062625792.000000
0.000000
0.000000
529673537439511003854274560.000000
-50826093225050112.000000
0.000000
-14092699982764775047168.000000
0.000000
0.000000
0.000000
0.000000
0.000000
0.000000
0.000000
-6274375801521418394402816.000000
0.000000
0.000000
0.000000
-14091366917275073380352.000000
0.000000
0.000000
0.000000
0.000000
0.000000
-133080901696356352.000000
0.000000
0.000000
0.000000
-50518711005609984.000000
0.000000
-50260806809419776.000000
0.000000
0.000000
0.000000
0.000000
0.000000
-14092708989964029788160.000000
0.000000
0.000000
529673537439511003854274560.000000
-14092699982764775047168.000000
0.000000
-14092699982764775047168.000000
0.000000
0.000000
0.000000
0.000000
0.000000
0.000000
0.000000
0.000000
0.000000
-50268365951860736.000000
0.000000
-50260669370466304.000000
0.000000
0.000000
0.000000
0.000000
0.000000
0.000000
0.000000
0.000000
0.000000
-50268365951860736.000000
0.000000
-50260669370466304.000000
0.000000
0.000000
0.000000
0.000000
0.000000
0.000000
0.000000
0.000000
0.000000
-50268365951860736.000000
0.000000
-50260669370466304.000000
0.000000
0.000000
0.000000
0.000000
0.000000
0.000000
0.000000
0.000000
529673537439511003854274560.000000
0.000000
0.000000
-14092699982764775047168.000000
0.000000
0.000000
0.000000
0.000000
0.000000
-14090871521316062625792.000000
0.000000
0.000000
529673537439511003854274560.000000
-50826093225050112.000000
0.000000
-50485674117169152.000000
0.000000
0.000000
0.000000
0.000000
0.000000
0.000000
0.000000
0.000000
0.000000
0.000000
0.000000
-nan
-nan
0.000000
0.000000
0.000000
0.000000
0.000000
0.000000
0.000000
0.000000
0.000000
0.000000
0.000000
0.000000
0.000000
0.000000
0.000000
0.000000
-132998988080087040.000000
0.000000
0.000000
529673537439511003854274560.000000
0.000000
0.000000
-14092699982764775047168.000000
0.000000
0.000000
0.000000
0.000000
0.000000
0.000000
0.000000
-14092267637200547479552.000000
0.000000
-132998438324273152.000000
0.000000
-132998713202180096.000000
0.000000
0.000000
0.000000
-nan
-nan
0.000000
0.000000
-14092267637200547479552.000000
0.000000
-132998438324273152.000000
0.000000
-132998713202180096.000000
0.000000
0.000000
0.000000
0.000000
0.000000
0.000000
0.000000
0.000000
0.000000
0.000000
0.000000
-14092727004362539270144.000000
0.000000
0.000000
0.000000
-nan
-nan
0.000000
0.000000
0.000000
0.000000
0.000000
0.000000
-14092727004362539270144.000000
0.000000
0.000000
0.000000
0.000000
0.000000
0.000000
0.000000
0.000000
0.000000
0.000000
0.000000
0.000000
0.000000
0.000000
0.000000
0.000000
0.000000
0.000000
0.000000
0.000000
0.000000
0.000000
0.000000
0.000000
0.000000
0.000000
0.000000
0.000000
0.000000
0.000000
0.000000
0.000000
0.000000
0.000000
0.000000
0.000000
0.000000
0.000000
0.000000
0.000000
0.000000
0.000000
0.000000
0.000000
0.000000
0.000000
0.000000
0.000000
0.000000
0.000000
0.000000
0.000000
0.000000
