-0.002930
-0.003998
0.005798
0.005188
0.002930
0.007782
0.003204
0.005646
0.011108
0.008331
0.010162
0.009644
0.007324
0.009583
0.009827
0.007996
0.006378
0.002930
0.001709
0.000885
0.000427
0.000183
-0.004944
-0.007599
-0.008667
-0.011841
-0.011017
-0.012085
-0.015564
-0.015015
-0.018616
-0.018555
-0.018585
-0.021210
-0.022614
-0.024994
-0.025391
-0.023651
-0.021820
-0.022522
-0.020691
-0.021606
-0.020142
-0.017761
-0.020935
-0.017365
-0.019043
-0.018555
-0.013306
-0.014008
-0.013519
-0.011963
-0.012268
-0.008087
0.002991
0.003815
0.010498
0.011169
0.008514
0.020233
0.021149
0.026154
0.026947
0.026764
0.026276
0.032349
0.037231
0.038116
0.036194
0.028931
0.029999
0.024658
0.027588
0.025787
0.021484
0.017975
0.010742
0.014008
0.012878
0.006012
0.001953
-0.001709
-0.006622
-0.007111
-0.003571
-0.007141
-0.004944
-0.006775
-0.013458
-0.005341
-0.011292
-0.008698
-0.005554
-0.011261
-0.005310
-0.003967
-0.001587
0.002808
0.002167
0.000336
0.002136
0.001709
0.004456
0.006104
0.006317
0.007599
0.006744
0.007324
0.009155
0.007782
0.005402
0.004089
0.001434
0.003235
0.002472
0.001038
0.000946
-0.003784
-0.006134
-0.006409
-0.010223
-0.011810
-0.013458
-0.016602
-0.017181
-0.018219
-0.019592
-0.019745
-0.023590
-0.026184
-0.024963
-0.025818
-0.023285
-0.023590
-0.023254
-0.020050
-0.020142
-0.017273
-0.018158
-0.016754
-0.016815
-0.016754
-0.012451
-0.014099
-0.009460
-0.010071
-0.009430
-0.005798
-0.002319
0.003754
0.008423
0.008636
0.011169
0.013062
0.014221
0.022614
0.020599
0.027863
0.033600
0.031555
0.037872
0.032654
0.030945
0.031799
0.022400
0.026154
0.023926
0.020721
0.023743
0.019409
0.015503
0.013031
0.008759
0.004303
0.003632
-0.004700
-0.003632
-0.001587
-0.005859
-0.000305
-0.003815
-0.006989
-0.008240
-0.009644
-0.009308
-0.007721
-0.006989
-0.007446
-0.002594
-0.004028
-0.000885
0.001251
-0.002014
-0.000549
-0.001862
0.000153
0.002960
0.002930
0.005920
0.005463
0.005615
0.005859
0.005341
0.005005
0.004456
0.002808
0.002533
0.003204
0.001587
0.001709
-0.000549
-0.002686
-0.004456
-0.007111
-0.008606
-0.009613
-0.010376
-0.012054
-0.013641
-0.016052
-0.017120
-0.018463
-0.019867
-0.021027
-0.023804
-0.021149
-0.019928
-0.019867
-0.016968
-0.018402
-0.018127
-0.016083
-0.019135
-0.016357
-0.015045
-0.016602
-0.012756
-0.010986
-0.010895
-0.008392
-0.008972
-0.008820
-0.003357
-0.000916
0.002930
0.007355
0.006897
0.010681
0.015320
0.015411
0.020020
0.019501
0.019440
0.021667
0.019989
0.026337
0.025085
0.027649
0.026062
0.024017
0.022980
0.020874
0.019867
0.015289
0.016998
0.013367
0.015717
0.015167
0.009827
0.012451
0.005188
0.002808
0.002930
-0.000153
0.001038
0.000244
-0.001617
-0.001129
-0.001892
-0.003754
-0.004303
-0.005615
-0.007416
-0.006989
-0.005066
-0.004364
-0.003571
-0.003967
-0.004395
-0.003876
-0.003693
-0.003632
-0.001892
-0.002869
-0.001129
-0.000580
0.000824
0.002625
-0.000275
0.001099
-0.000641
-0.001099
0.000122
-0.001160
-0.000854
-0.002045
-0.003143
-0.002686
-0.003082
-0.005035
-0.006958
-0.009583
-0.011322
-0.012268
-0.012604
-0.012482
-0.013977
-0.015778
-0.016876
-0.017212
-0.017303
-0.016510
-0.017334
-0.017487
-0.017303
-0.017609
-0.014771
-0.013947
-0.014282
-0.013123
-0.013062
-0.012573
-0.011139
-0.010803
-0.009216
-0.006073
-0.001251
0.001587
0.004730
0.006836
0.005981
0.010162
0.011200
0.012787
0.017944
0.015808
0.020477
0.021484
0.022705
0.024048
0.022552
0.022949
0.020630
0.021851
0.019867
0.021881
0.019287
0.016724
0.017853
0.014587
0.014191
0.011139
0.007904
0.007477
0.004181
0.005127
0.005341
0.003754
0.002594
0.001007
-0.000793
-0.001892
-0.003662
-0.004242
-0.003052
-0.006012
-0.004059
-0.003296
-0.004089
-0.002350
-0.004913
-0.005066
-0.005127
-0.006836
-0.004669
-0.004242
-0.003601
-0.002014
-0.002075
-0.001770
-0.001160
-0.001709
-0.001587
-0.001190
-0.002228
-0.000824
-0.001129
-0.001007
-0.000061
-0.001801
-0.002960
-0.003357
-0.005493
-0.005707
-0.006439
-0.008331
-0.008392
-0.010101
-0.010651
-0.010651
-0.013062
-0.013428
-0.013367
-0.014771
-0.012848
-0.014252
-0.014008
-0.012207
-0.015228
-0.012665
-0.012268
-0.013031
-0.009827
-0.011383
-0.010284
-0.007965
-0.008911
-0.005768
-0.004730
-0.004211
-0.000305
0.001343
0.002777
0.006073
0.006744
0.009766
0.011749
0.010315
0.013489
0.012726
0.014282
0.016724
0.016418
0.020264
0.017273
0.019012
0.018738
0.016479
0.018555
0.015137
0.015289
0.012848
0.012848
0.010864
0.010468
0.011108
0.007751
0.009613
0.005798
0.004272
0.006073
0.002014
0.002747
0.001312
-0.001038
-0.000671
-0.001587
-0.000854
-0.001801
-0.002838
-0.003571
-0.003510
-0.003174
-0.003235
-0.004608
-0.004028
-0.004303
-0.006195
-0.003357
-0.004059
-0.003662
-0.001953
-0.003235
-0.002106
-0.001465
-0.002228
-0.001862
-0.002197
-0.002380
-0.002136
-0.001953
-0.001923
-0.001770
-0.002686
-0.003723
-0.004272
-0.004822
-0.005310
-0.006714
-0.006958
-0.008026
-0.009277
-0.009125
-0.009766
-0.010315
-0.010254
-0.011108
-0.011658
-0.011353
-0.012207
-0.011322
-0.010590
-0.009216
-0.009613
-0.010223
-0.009338
-0.009888
-0.008270
-0.005463
-0.005554
-0.002563
-0.001862
-0.002777
0.000183
-0.001068
-0.000122
0.001709
0.002777
0.005646
0.007996
0.007172
0.009918
0.008881
0.009430
0.011536
0.010254
0.012878
0.013000
0.012329
0.014862
0.014526
0.014069
0.013519
0.010223
0.011139
0.010895
0.011993
0.011963
0.010651
0.008606
0.006378
0.005951
0.006195
0.005920
0.006378
0.005066
0.004761
0.004059
0.001373
0.001190
0.000488
-0.000610
0.000031
-0.000732
-0.000916
-0.000458
-0.002716
-0.003296
-0.004578
-0.005310
-0.003784
-0.003052
-0.003448
-0.003601
-0.004333
-0.003845
-0.003448
-0.003876
-0.003510
-0.004120
-0.003723
-0.002899
-0.003571
-0.002869
-0.003296
-0.004852
-0.003967
-0.004333
-0.005249
-0.005341
-0.007416
-0.007355
-0.006805
-0.007446
-0.004852
-0.005707
-0.009155
-0.010254
-0.009918
-0.006561
