0.001253
0.001141
0.001076
0.001003
0.000904
0.000822
0.000701
0.000611
0.000538
0.000438
0.000348
0.000268
0.000186
0.000121
0.000020
-0.000065
-0.000160
-0.000239
-0.000337
-0.000409
-0.000517
-0.000577
-0.000654
-0.000756
-0.000819
-0.000878
-0.000916
-0.000961
-0.001001
-0.001046
-0.001037
-0.001081
-0.001057
-0.001071
-0.001075
-0.001053
-0.001007
-0.000979
-0.000920
-0.000914
-0.000869
-0.000870
-0.000881
-0.000840
-0.000900
-0.000955
-0.000991
-0.001061
-0.001149
-0.001248
-0.001351
-0.001439
-0.001535
-0.001651
-0.001721
-0.001784
-0.001815
-0.001838
-0.001811
-0.001818
-0.001759
-0.001687
-0.001596
-0.001523
-0.001474
-0.001323
-0.001257
-0.001119
-0.001034
-0.001010
-0.000949
-0.000874
-0.000889
-0.000816
-0.000797
-0.000817
-0.000744
-0.000763
-0.000666
-0.000566
-0.000477
-0.000421
-0.000282
-0.000066
0.000067
0.000235
0.000300
0.000477
0.000484
0.000596
0.000612
0.000447
0.000370
0.000162
-0.000147
-0.000483
-0.000765
-0.001219
-0.001684
-0.002134
-0.002643
-0.003080
-0.003663
-0.004221
-0.004714
-0.005290
-0.005838
-0.006317
-0.006890
-0.007201
-0.005823
-0.003725
-0.002683
-0.001202
0.000101
0.001973
0.003983
0.007279
0.009305
0.010408
0.012479
0.015698
0.016746
0.019243
0.019968
0.019130
0.018682
0.019217
0.019865
0.018581
0.017659
0.016603
0.013974
0.012528
0.012602
0.010123
0.007678
0.007566
0.007055
0.005685
0.006671
0.006297
0.005380
0.004553
0.005406
0.006024
0.005445
0.006041
0.006743
0.004667
0.003771
0.003572
0.001408
-0.000186
-0.001450
-0.004301
-0.006993
-0.008592
-0.009988
-0.012171
-0.015286
-0.017111
-0.018381
-0.019098
-0.017860
-0.017553
-0.017897
-0.016461
-0.014390
-0.012092
-0.009816
-0.007818
-0.006241
-0.003966
-0.001458
0.000523
0.001803
0.001612
0.001643
0.001551
0.001312
0.000818
-0.000443
-0.001869
-0.003250
-0.005337
-0.006151
-0.006996
-0.008992
-0.009842
-0.009947
-0.010610
-0.010224
-0.009042
-0.008481
-0.008027
-0.007015
-0.005505
-0.004280
-0.002386
-0.000235
0.000497
0.000642
0.001959
0.003171
0.003115
0.003713
0.003366
0.002549
0.002044
0.002797
0.002711
0.001649
0.001381
0.000883
0.001191
0.002545
0.003630
0.004236
0.005183
0.006888
0.008842
0.010524
0.011956
0.012821
0.013823
0.014461
0.014757
0.015214
0.015029
0.013765
0.011733
0.010229
0.008059
0.005382
0.002961
-0.000385
-0.004360
-0.006783
-0.008971
-0.011618
-0.014030
-0.016371
-0.018219
-0.019399
-0.019144
-0.018233
-0.018653
-0.017905
-0.016209
-0.015391
-0.013993
-0.011435
-0.011001
-0.010188
-0.008616
-0.008170
-0.007373
-0.007301
-0.007697
-0.008328
-0.008521
-0.008214
-0.007935
-0.007950
-0.007609
-0.007355
-0.007248
-0.005505
-0.004053
-0.003343
-0.001525
0.000239
0.001349
0.003602
0.005049
0.005507
0.005664
0.006334
0.006582
0.005773
0.005748
0.005027
0.003031
0.001608
0.000880
-0.000486
-0.001581
-0.002342
-0.003530
-0.004628
-0.004265
-0.004144
-0.004695
-0.004391
-0.003599
-0.003295
-0.002411
-0.001587
-0.000854
-0.000763
-0.000244
0.000214
0.000275
0.000305
0.000152
-0.000183
-0.001006
-0.001614
-0.002253
-0.002678
-0.003528
-0.004225
-0.004830
-0.005251
-0.005490
-0.005970
-0.006632
-0.007291
-0.008251
-0.008967
-0.009018
-0.010213
-0.011224
-0.011541
-0.012967
-0.014089
-0.015147
-0.016471
-0.017790
-0.019312
-0.020829
-0.021716
-0.019722
-0.016016
-0.010905
-0.005339
-0.000029
0.004907
0.011290
0.019578
0.027335
0.034269
0.041027
0.047403
0.052416
0.057461
0.060404
0.061116
0.059872
0.058717
0.057051
0.053912
0.050475
0.046319
0.040350
0.034666
0.029658
0.024789
0.020255
0.017081
0.014369
0.012253
0.011195
0.010966
0.010901
0.010101
0.010120
0.010489
0.009967
0.010118
0.009519
0.007112
0.004378
0.001295
-0.002422
-0.006607
-0.010471
-0.014901
-0.019630
-0.023801
-0.026035
-0.028580
-0.030515
-0.031797
-0.031981
-0.031382
-0.028912
-0.025667
-0.022401
-0.018918
-0.014952
-0.010585
-0.005994
-0.002511
0.000240
0.002772
0.004659
0.005272
0.006420
0.007087
0.006094
0.005736
0.004945
0.003270
0.001751
0.000158
-0.000966
-0.001966
-0.003419
-0.003354
-0.004101
-0.004272
-0.004462
-0.005079
-0.005559
-0.005502
-0.004854
-0.005199
-0.005810
-0.006123
-0.007560
-0.008589
-0.009259
-0.010360
-0.011206
-0.011919
-0.012128
-0.012391
-0.012299
-0.011822
-0.011313
-0.010355
-0.009278
-0.007283
-0.005466
-0.003456
-0.001878
-0.000597
0.001184
0.002278
0.003053
0.003797
0.003870
0.003372
0.002934
0.002232
0.000570
-0.000964
-0.002668
-0.004798
-0.006420
-0.008172
-0.009716
-0.011560
-0.013119
-0.014136
-0.014842
-0.015093
-0.014796
-0.014651
-0.014448
-0.014013
-0.013439
-0.012890
-0.011967
-0.011662
-0.011734
-0.011324
-0.011502
-0.011700
-0.012250
-0.012981
-0.013876
-0.014786
-0.015584
-0.016274
-0.017415
-0.018074
-0.018786
-0.018137
-0.016139
-0.013823
-0.008532
-0.002065
0.001285
0.006501
0.012843
0.017690
0.023067
0.029512
0.033791
0.035888
0.038707
0.041846
0.041785
0.040402
0.038561
0.035986
0.032566
0.029117
0.026880
0.022682
0.017783
0.014472
0.011516
0.008845
0.006920
0.005088
0.004149
0.003871
0.003513
0.003906
0.004640
0.003744
0.003277
0.003654
0.003156
0.002195
0.001130
-0.000249
-0.002210
-0.004457
-0.006066
-0.007770
-0.009948
-0.011405
-0.012745
-0.014243
-0.013197
-0.013038
-0.012048
-0.010649
-0.010047
-0.008873
-0.006829
-0.004681
-0.003156
-0.000882
0.000539
0.001343
0.002444
0.002905
0.002544
0.002449
0.002339
0.002165
0.001789
0.001086
0.000305
-0.000545
-0.001513
-0.001588
-0.001288
-0.001429
-0.001374
-0.000964
-0.000682
-0.000522
-0.000121
0.000704
0.000927
0.000918
0.001384
0.001656
0.001375
0.000978
0.000629
0.000172
-0.000455
-0.000684
-0.000665
-0.001321
-0.001774
-0.001716
-0.001719
-0.001548
-0.001214
-0.001019
-0.000689
-0.000228
0.000298
0.000798
0.001303
0.001504
0.001718
0.002079
0.002352
0.002418
0.002269
0.002229
0.001920
0.001506
0.001452
0.001143
0.000692
0.000308
-0.000059
-0.000260
-0.000487
