0.001850
0.001722
0.001473
0.001224
0.001054
0.000984
0.000909
0.000802
0.000642
0.000412
0.000161
-0.000096
-0.000337
-0.000523
-0.000654
-0.000707
-0.000695
-0.000692
-0.000730
-0.000831
-0.000931
-0.000947
-0.000868
-0.000716
-0.000561
-0.000448
-0.000373
-0.000331
-0.000296
-0.000255
-0.000203
-0.000134
-0.000052
0.000042
0.000139
0.000203
0.000209
0.000158
0.000094
0.000079
0.000123
0.000195
0.000239
0.000226
0.000170
0.000092
0.000009
-0.000066
-0.000129
-0.000172
-0.000201
-0.000230
-0.000268
-0.000346
-0.000472
-0.000622
-0.000751
-0.000801
-0.000775
-0.000708
-0.000653
-0.000638
-0.000645
-0.000640
-0.000593
-0.000489
-0.000334
-0.000138
0.000079
0.000290
0.000472
0.000607
0.000696
0.000771
0.000869
0.001026
0.001223
0.001394
0.001465
0.001404
0.001261
0.001107
0.000989
0.000916
0.000852
0.000771
0.000651
0.000480
0.000275
0.000058
-0.000144
-0.000307
-0.000424
-0.000490
-0.000517
-0.000545
-0.000603
-0.000690
-0.000776
-0.000812
-0.000783
-0.000704
-0.000605
-0.000522
-0.000466
-0.000428
-0.000399
-0.000358
-0.000307
-0.000255
-0.000189
-0.000110
-0.000018
0.000066
0.000103
0.000097
0.000075
0.000073
0.000109
0.000164
0.000211
0.000239
0.000233
0.000198
0.000139
0.000067
0.000007
-0.000036
-0.000058
-0.000070
-0.000096
-0.000162
-0.000275
-0.000410
-0.000524
-0.000583
-0.000590
-0.000564
-0.000537
-0.000525
-0.000527
-0.000534
-0.000521
-0.000467
-0.000362
-0.000211
-0.000035
0.000140
0.000292
0.000406
0.000479
0.000543
0.000633
0.000775
0.000947
0.001092
0.001166
0.001149
0.001064
0.000958
0.000865
0.000802
0.000758
0.000706
0.000627
0.000506
0.000341
0.000154
-0.000027
-0.000173
-0.000265
-0.000317
-0.000353
-0.000404
-0.000480
-0.000563
-0.000631
-0.000667
-0.000664
-0.000630
-0.000577
-0.000517
-0.000470
-0.000438
-0.000418
-0.000396
-0.000359
-0.000308
-0.000243
-0.000172
-0.000107
-0.000048
-0.000006
0.000022
0.000043
0.000059
0.000081
0.000112
0.000153
0.000199
0.000226
0.000220
0.000182
0.000126
0.000078
0.000051
0.000039
0.000026
-0.000009
-0.000071
-0.000154
-0.000245
-0.000328
-0.000392
-0.000427
-0.000437
-0.000428
-0.000413
-0.000411
-0.000418
-0.000419
-0.000393
-0.000323
-0.000214
-0.000079
0.000057
0.000173
0.000259
0.000327
0.000397
0.000486
0.000594
0.000709
0.000811
0.000874
0.000886
0.000850
0.000789
0.000721
0.000662
0.000618
0.000580
0.000533
0.000452
0.000335
0.000195
0.000055
-0.000058
-0.000141
-0.000200
-0.000245
-0.000292
-0.000343
-0.000397
-0.000452
-0.000499
-0.000529
-0.000531
-0.000503
-0.000462
-0.000422
-0.000399
-0.000392
-0.000386
-0.000372
-0.000340
-0.000293
-0.000238
-0.000179
-0.000123
-0.000075
-0.000039
-0.000013
0.000006
0.000026
0.000056
0.000102
0.000155
0.000203
0.000224
0.000206
0.000162
0.000117
0.000097
0.000098
0.000099
0.000081
0.000029
-0.000042
-0.000120
-0.000193
-0.000248
-0.000289
-0.000311
-0.000315
-0.000311
-0.000310
-0.000320
-0.000337
-0.000336
